# Wilkinson Microwave Anisotropy Probe (WMAP) year 1 data release, version 1 (January 2003).
# Beam Transfer Function (amplitude) for differencing assembly W1,
# normalized to 1.0 at l=1.  The window function is the square of the
# beam transfer function.
# Reference = WMAP Explanatory Supplement: http://lambda.gsfc.nasa.gov/
# Column 1 = multipole moment l
# Column 2 = beam transfer function (amplitude), dimensionless units
# 
     0   1.00001
     1   1.00000
     2   0.99998
     3   0.99995
     4   0.99991
     5   0.99985
     6   0.99979
     7   0.99972
     8   0.99964
     9   0.99954
    10   0.99944
    11   0.99932
    12   0.99920
    13   0.99906
    14   0.99892
    15   0.99876
    16   0.99860
    17   0.99842
    18   0.99824
    19   0.99804
    20   0.99783
    21   0.99761
    22   0.99739
    23   0.99715
    24   0.99690
    25   0.99664
    26   0.99637
    27   0.99610
    28   0.99581
    29   0.99551
    30   0.99520
    31   0.99488
    32   0.99455
    33   0.99421
    34   0.99387
    35   0.99351
    36   0.99314
    37   0.99276
    38   0.99237
    39   0.99197
    40   0.99157
    41   0.99115
    42   0.99072
    43   0.99028
    44   0.98984
    45   0.98938
    46   0.98891
    47   0.98844
    48   0.98795
    49   0.98746
    50   0.98695
    51   0.98644
    52   0.98591
    53   0.98538
    54   0.98484
    55   0.98429
    56   0.98373
    57   0.98316
    58   0.98258
    59   0.98199
    60   0.98139
    61   0.98078
    62   0.98017
    63   0.97954
    64   0.97891
    65   0.97827
    66   0.97762
    67   0.97695
    68   0.97629
    69   0.97561
    70   0.97492
    71   0.97423
    72   0.97352
    73   0.97281
    74   0.97209
    75   0.97136
    76   0.97062
    77   0.96988
    78   0.96912
    79   0.96836
    80   0.96759
    81   0.96681
    82   0.96602
    83   0.96523
    84   0.96442
    85   0.96361
    86   0.96279
    87   0.96197
    88   0.96113
    89   0.96029
    90   0.95944
    91   0.95859
    92   0.95772
    93   0.95685
    94   0.95597
    95   0.95508
    96   0.95419
    97   0.95328
    98   0.95238
    99   0.95146
   100   0.95054
   101   0.94961
   102   0.94867
   103   0.94772
   104   0.94678
   105   0.94582
   106   0.94485
   107   0.94388
   108   0.94290
   109   0.94192
   110   0.94093
   111   0.93993
   112   0.93893
   113   0.93792
   114   0.93690
   115   0.93588
   116   0.93485
   117   0.93382
   118   0.93278
   119   0.93173
   120   0.93068
   121   0.92963
   122   0.92856
   123   0.92749
   124   0.92642
   125   0.92534
   126   0.92426
   127   0.92316
   128   0.92207
   129   0.92097
   130   0.91986
   131   0.91875
   132   0.91763
   133   0.91651
   134   0.91539
   135   0.91425
   136   0.91312
   137   0.91198
   138   0.91083
   139   0.90968
   140   0.90853
   141   0.90737
   142   0.90621
   143   0.90504
   144   0.90387
   145   0.90269
   146   0.90151
   147   0.90033
   148   0.89914
   149   0.89795
   150   0.89675
   151   0.89555
   152   0.89435
   153   0.89314
   154   0.89193
   155   0.89072
   156   0.88950
   157   0.88828
   158   0.88706
   159   0.88583
   160   0.88460
   161   0.88337
   162   0.88213
   163   0.88089
   164   0.87965
   165   0.87840
   166   0.87715
   167   0.87590
   168   0.87465
   169   0.87339
   170   0.87213
   171   0.87087
   172   0.86961
   173   0.86834
   174   0.86708
   175   0.86581
   176   0.86453
   177   0.86326
   178   0.86198
   179   0.86070
   180   0.85942
   181   0.85814
   182   0.85686
   183   0.85557
   184   0.85429
   185   0.85300
   186   0.85171
   187   0.85041
   188   0.84912
   189   0.84783
   190   0.84653
   191   0.84523
   192   0.84394
   193   0.84264
   194   0.84134
   195   0.84004
   196   0.83873
   197   0.83743
   198   0.83613
   199   0.83482
   200   0.83352
   201   0.83221
   202   0.83090
   203   0.82960
   204   0.82829
   205   0.82698
   206   0.82567
   207   0.82436
   208   0.82305
   209   0.82174
   210   0.82043
   211   0.81913
   212   0.81782
   213   0.81651
   214   0.81520
   215   0.81389
   216   0.81258
   217   0.81127
   218   0.80996
   219   0.80865
   220   0.80734
   221   0.80604
   222   0.80473
   223   0.80342
   224   0.80212
   225   0.80081
   226   0.79950
   227   0.79820
   228   0.79690
   229   0.79559
   230   0.79429
   231   0.79299
   232   0.79169
   233   0.79039
   234   0.78909
   235   0.78779
   236   0.78649
   237   0.78520
   238   0.78391
   239   0.78261
   240   0.78132
   241   0.78003
   242   0.77874
   243   0.77745
   244   0.77616
   245   0.77488
   246   0.77360
   247   0.77231
   248   0.77103
   249   0.76975
   250   0.76848
   251   0.76720
   252   0.76592
   253   0.76465
   254   0.76338
   255   0.76211
   256   0.76084
   257   0.75958
   258   0.75831
   259   0.75705
   260   0.75579
   261   0.75453
   262   0.75327
   263   0.75202
   264   0.75077
   265   0.74952
   266   0.74827
   267   0.74702
   268   0.74578
   269   0.74454
   270   0.74330
   271   0.74206
   272   0.74082
   273   0.73959
   274   0.73836
   275   0.73713
   276   0.73590
   277   0.73468
   278   0.73345
   279   0.73224
   280   0.73102
   281   0.72980
   282   0.72859
   283   0.72738
   284   0.72617
   285   0.72497
   286   0.72377
   287   0.72257
   288   0.72137
   289   0.72017
   290   0.71898
   291   0.71779
   292   0.71660
   293   0.71542
   294   0.71424
   295   0.71305
   296   0.71188
   297   0.71070
   298   0.70953
   299   0.70836
   300   0.70720
   301   0.70603
   302   0.70487
   303   0.70371
   304   0.70256
   305   0.70140
   306   0.70025
   307   0.69911
   308   0.69796
   309   0.69682
   310   0.69568
   311   0.69454
   312   0.69341
   313   0.69228
   314   0.69115
   315   0.69002
   316   0.68890
   317   0.68778
   318   0.68666
   319   0.68554
   320   0.68443
   321   0.68332
   322   0.68222
   323   0.68111
   324   0.68001
   325   0.67891
   326   0.67782
   327   0.67672
   328   0.67564
   329   0.67455
   330   0.67346
   331   0.67238
   332   0.67130
   333   0.67023
   334   0.66915
   335   0.66808
   336   0.66702
   337   0.66595
   338   0.66489
   339   0.66383
   340   0.66277
   341   0.66172
   342   0.66067
   343   0.65962
   344   0.65857
   345   0.65753
   346   0.65649
   347   0.65545
   348   0.65441
   349   0.65338
   350   0.65235
   351   0.65132
   352   0.65030
   353   0.64928
   354   0.64826
   355   0.64724
   356   0.64623
   357   0.64522
   358   0.64421
   359   0.64320
   360   0.64220
   361   0.64120
   362   0.64020
   363   0.63920
   364   0.63821
   365   0.63722
   366   0.63623
   367   0.63524
   368   0.63426
   369   0.63328
   370   0.63230
   371   0.63132
   372   0.63035
   373   0.62938
   374   0.62841
   375   0.62744
   376   0.62648
   377   0.62552
   378   0.62456
   379   0.62360
   380   0.62265
   381   0.62170
   382   0.62075
   383   0.61980
   384   0.61885
   385   0.61791
   386   0.61697
   387   0.61603
   388   0.61509
   389   0.61416
   390   0.61323
   391   0.61230
   392   0.61137
   393   0.61045
   394   0.60952
   395   0.60860
   396   0.60769
   397   0.60677
   398   0.60585
   399   0.60494
   400   0.60403
   401   0.60312
   402   0.60222
   403   0.60131
   404   0.60041
   405   0.59951
   406   0.59861
   407   0.59771
   408   0.59682
   409   0.59593
   410   0.59504
   411   0.59415
   412   0.59326
   413   0.59238
   414   0.59149
   415   0.59061
   416   0.58973
   417   0.58886
   418   0.58798
   419   0.58711
   420   0.58623
   421   0.58536
   422   0.58450
   423   0.58363
   424   0.58276
   425   0.58190
   426   0.58104
   427   0.58018
   428   0.57932
   429   0.57846
   430   0.57761
   431   0.57676
   432   0.57590
   433   0.57505
   434   0.57420
   435   0.57336
   436   0.57251
   437   0.57167
   438   0.57083
   439   0.56999
   440   0.56915
   441   0.56831
   442   0.56747
   443   0.56664
   444   0.56580
   445   0.56497
   446   0.56414
   447   0.56331
   448   0.56248
   449   0.56166
   450   0.56083
   451   0.56001
   452   0.55919
   453   0.55837
   454   0.55755
   455   0.55673
   456   0.55591
   457   0.55510
   458   0.55428
   459   0.55347
   460   0.55266
   461   0.55185
   462   0.55104
   463   0.55023
   464   0.54943
   465   0.54862
   466   0.54782
   467   0.54701
   468   0.54621
   469   0.54541
   470   0.54461
   471   0.54381
   472   0.54302
   473   0.54222
   474   0.54143
   475   0.54063
   476   0.53984
   477   0.53905
   478   0.53826
   479   0.53747
   480   0.53668
   481   0.53590
   482   0.53511
   483   0.53433
   484   0.53354
   485   0.53276
   486   0.53198
   487   0.53120
   488   0.53042
   489   0.52964
   490   0.52886
   491   0.52809
   492   0.52731
   493   0.52654
   494   0.52577
   495   0.52499
   496   0.52422
   497   0.52345
   498   0.52268
   499   0.52191
   500   0.52115
   501   0.52038
   502   0.51962
   503   0.51885
   504   0.51809
   505   0.51733
   506   0.51657
   507   0.51581
   508   0.51505
   509   0.51429
   510   0.51353
   511   0.51278
   512   0.51202
   513   0.51127
   514   0.51051
   515   0.50976
   516   0.50901
   517   0.50826
   518   0.50751
   519   0.50676
   520   0.50601
   521   0.50526
   522   0.50452
   523   0.50377
   524   0.50303
   525   0.50229
   526   0.50154
   527   0.50080
   528   0.50006
   529   0.49932
   530   0.49858
   531   0.49785
   532   0.49711
   533   0.49637
   534   0.49564
   535   0.49490
   536   0.49417
   537   0.49344
   538   0.49271
   539   0.49198
   540   0.49125
   541   0.49052
   542   0.48979
   543   0.48907
   544   0.48834
   545   0.48762
   546   0.48689
   547   0.48617
   548   0.48545
   549   0.48473
   550   0.48401
   551   0.48329
   552   0.48257
   553   0.48185
   554   0.48114
   555   0.48042
   556   0.47971
   557   0.47900
   558   0.47828
   559   0.47757
   560   0.47686
   561   0.47615
   562   0.47544
   563   0.47474
   564   0.47403
   565   0.47332
   566   0.47262
   567   0.47192
   568   0.47121
   569   0.47051
   570   0.46981
   571   0.46911
   572   0.46841
   573   0.46772
   574   0.46702
   575   0.46632
   576   0.46563
   577   0.46494
   578   0.46424
   579   0.46355
   580   0.46286
   581   0.46217
   582   0.46148
   583   0.46080
   584   0.46011
   585   0.45943
   586   0.45874
   587   0.45806
   588   0.45738
   589   0.45669
   590   0.45601
   591   0.45534
   592   0.45466
   593   0.45398
   594   0.45330
   595   0.45263
   596   0.45196
   597   0.45128
   598   0.45061
   599   0.44994
   600   0.44927
   601   0.44861
   602   0.44794
   603   0.44727
   604   0.44661
   605   0.44594
   606   0.44528
   607   0.44462
   608   0.44396
   609   0.44330
   610   0.44264
   611   0.44198
   612   0.44133
   613   0.44067
   614   0.44002
   615   0.43936
   616   0.43871
   617   0.43806
   618   0.43741
   619   0.43676
   620   0.43612
   621   0.43547
   622   0.43483
   623   0.43418
   624   0.43354
   625   0.43290
   626   0.43226
   627   0.43162
   628   0.43098
   629   0.43034
   630   0.42971
   631   0.42907
   632   0.42844
   633   0.42781
   634   0.42718
   635   0.42655
   636   0.42592
   637   0.42529
   638   0.42466
   639   0.42404
   640   0.42341
   641   0.42279
   642   0.42217
   643   0.42155
   644   0.42093
   645   0.42031
   646   0.41969
   647   0.41908
   648   0.41846
   649   0.41785
   650   0.41724
   651   0.41663
   652   0.41602
   653   0.41541
   654   0.41480
   655   0.41419
   656   0.41359
   657   0.41298
   658   0.41238
   659   0.41178
   660   0.41117
   661   0.41058
   662   0.40998
   663   0.40938
   664   0.40878
   665   0.40819
   666   0.40759
   667   0.40700
   668   0.40641
   669   0.40582
   670   0.40523
   671   0.40464
   672   0.40405
   673   0.40346
   674   0.40288
   675   0.40230
   676   0.40171
   677   0.40113
   678   0.40055
   679   0.39997
   680   0.39939
   681   0.39882
   682   0.39824
   683   0.39766
   684   0.39709
   685   0.39652
   686   0.39594
   687   0.39537
   688   0.39480
   689   0.39424
   690   0.39367
   691   0.39310
   692   0.39254
   693   0.39197
   694   0.39141
   695   0.39085
   696   0.39028
   697   0.38972
   698   0.38916
   699   0.38861
   700   0.38805
   701   0.38749
   702   0.38694
   703   0.38638
   704   0.38583
   705   0.38528
   706   0.38473
   707   0.38418
   708   0.38363
   709   0.38308
   710   0.38253
   711   0.38199
   712   0.38144
   713   0.38090
   714   0.38035
   715   0.37981
   716   0.37927
   717   0.37873
   718   0.37819
   719   0.37765
   720   0.37711
   721   0.37657
   722   0.37604
   723   0.37550
   724   0.37497
   725   0.37444
   726   0.37390
   727   0.37337
   728   0.37284
   729   0.37231
   730   0.37178
   731   0.37125
   732   0.37072
   733   0.37020
   734   0.36967
   735   0.36915
   736   0.36862
   737   0.36810
   738   0.36757
   739   0.36705
   740   0.36653
   741   0.36601
   742   0.36549
   743   0.36497
   744   0.36445
   745   0.36393
   746   0.36342
   747   0.36290
   748   0.36239
   749   0.36187
   750   0.36136
   751   0.36084
   752   0.36033
   753   0.35982
   754   0.35931
   755   0.35880
   756   0.35829
   757   0.35778
   758   0.35727
   759   0.35676
   760   0.35625
   761   0.35574
   762   0.35524
   763   0.35473
   764   0.35423
   765   0.35372
   766   0.35322
   767   0.35271
   768   0.35221
   769   0.35171
   770   0.35120
   771   0.35070
   772   0.35020
   773   0.34970
   774   0.34920
   775   0.34870
   776   0.34820
   777   0.34770
   778   0.34721
   779   0.34671
   780   0.34621
   781   0.34571
   782   0.34522
   783   0.34472
   784   0.34423
   785   0.34373
   786   0.34324
   787   0.34274
   788   0.34225
   789   0.34175
   790   0.34126
   791   0.34077
   792   0.34028
   793   0.33978
   794   0.33929
   795   0.33880
   796   0.33831
   797   0.33782
   798   0.33733
   799   0.33684
   800   0.33635
   801   0.33586
   802   0.33537
   803   0.33488
   804   0.33439
   805   0.33390
   806   0.33342
   807   0.33293
   808   0.33244
   809   0.33196
   810   0.33147
   811   0.33098
   812   0.33049
   813   0.33001
   814   0.32952
   815   0.32904
   816   0.32855
   817   0.32806
   818   0.32758
   819   0.32709
   820   0.32661
   821   0.32613
   822   0.32564
   823   0.32516
   824   0.32467
   825   0.32419
   826   0.32370
   827   0.32322
   828   0.32274
   829   0.32225
   830   0.32177
   831   0.32129
   832   0.32080
   833   0.32032
   834   0.31984
   835   0.31935
   836   0.31887
   837   0.31839
   838   0.31791
   839   0.31742
   840   0.31694
   841   0.31646
   842   0.31598
   843   0.31550
   844   0.31501
   845   0.31453
   846   0.31405
   847   0.31357
   848   0.31309
   849   0.31261
   850   0.31212
   851   0.31164
   852   0.31116
   853   0.31068
   854   0.31020
   855   0.30972
   856   0.30924
   857   0.30876
   858   0.30827
   859   0.30779
   860   0.30731
   861   0.30683
   862   0.30635
   863   0.30587
   864   0.30539
   865   0.30491
   866   0.30443
   867   0.30395
   868   0.30346
   869   0.30298
   870   0.30250
   871   0.30202
   872   0.30154
   873   0.30106
   874   0.30058
   875   0.30010
   876   0.29962
   877   0.29914
   878   0.29866
   879   0.29817
   880   0.29769
   881   0.29721
   882   0.29673
   883   0.29625
   884   0.29577
   885   0.29529
   886   0.29481
   887   0.29433
   888   0.29385
   889   0.29337
   890   0.29289
   891   0.29241
   892   0.29192
   893   0.29144
   894   0.29096
   895   0.29048
   896   0.29000
   897   0.28952
   898   0.28904
   899   0.28856
   900   0.28808
   901   0.28760
   902   0.28712
   903   0.28664
   904   0.28615
   905   0.28567
   906   0.28519
   907   0.28471
   908   0.28423
   909   0.28375
   910   0.28327
   911   0.28279
   912   0.28231
   913   0.28183
   914   0.28135
   915   0.28087
   916   0.28039
   917   0.27991
   918   0.27943
   919   0.27894
   920   0.27846
   921   0.27798
   922   0.27750
   923   0.27702
   924   0.27654
   925   0.27606
   926   0.27558
   927   0.27510
   928   0.27462
   929   0.27414
   930   0.27366
   931   0.27318
   932   0.27270
   933   0.27222
   934   0.27174
   935   0.27126
   936   0.27078
   937   0.27030
   938   0.26982
   939   0.26934
   940   0.26886
   941   0.26838
   942   0.26790
   943   0.26743
   944   0.26695
   945   0.26647
   946   0.26599
   947   0.26551
   948   0.26503
   949   0.26455
   950   0.26407
   951   0.26359
   952   0.26311
   953   0.26264
   954   0.26216
   955   0.26168
   956   0.26120
   957   0.26072
   958   0.26025
   959   0.25977
   960   0.25929
   961   0.25881
   962   0.25834
   963   0.25786
   964   0.25738
   965   0.25691
   966   0.25643
   967   0.25595
   968   0.25547
   969   0.25500
   970   0.25452
   971   0.25404
   972   0.25357
   973   0.25309
   974   0.25262
   975   0.25214
   976   0.25167
   977   0.25119
   978   0.25072
   979   0.25024
   980   0.24977
   981   0.24929
   982   0.24882
   983   0.24834
   984   0.24787
   985   0.24740
   986   0.24692
   987   0.24645
   988   0.24598
   989   0.24550
   990   0.24503
   991   0.24456
   992   0.24408
   993   0.24361
   994   0.24314
   995   0.24267
   996   0.24220
   997   0.24172
   998   0.24125
   999   0.24078
  1000   0.24031
  1001   0.23984
  1002   0.23937
  1003   0.23890
  1004   0.23843
  1005   0.23796
  1006   0.23749
  1007   0.23702
  1008   0.23655
  1009   0.23608
  1010   0.23561
  1011   0.23514
  1012   0.23467
  1013   0.23421
  1014   0.23374
  1015   0.23327
  1016   0.23280
  1017   0.23233
  1018   0.23187
  1019   0.23140
  1020   0.23093
  1021   0.23047
  1022   0.23000
  1023   0.22954
  1024   0.22907
  1025   0.22861
  1026   0.22814
  1027   0.22767
  1028   0.22721
  1029   0.22675
  1030   0.22628
  1031   0.22582
  1032   0.22535
  1033   0.22489
  1034   0.22443
  1035   0.22396
  1036   0.22350
  1037   0.22304
  1038   0.22258
  1039   0.22212
  1040   0.22165
  1041   0.22119
  1042   0.22073
  1043   0.22027
  1044   0.21981
  1045   0.21935
  1046   0.21889
  1047   0.21843
  1048   0.21797
  1049   0.21751
  1050   0.21705
  1051   0.21659
  1052   0.21613
  1053   0.21567
  1054   0.21521
  1055   0.21476
  1056   0.21430
  1057   0.21384
  1058   0.21338
  1059   0.21293
  1060   0.21247
  1061   0.21201
  1062   0.21156
  1063   0.21110
  1064   0.21064
  1065   0.21019
  1066   0.20973
  1067   0.20928
  1068   0.20882
  1069   0.20837
  1070   0.20792
  1071   0.20746
  1072   0.20701
  1073   0.20655
  1074   0.20610
  1075   0.20565
  1076   0.20519
  1077   0.20474
  1078   0.20429
  1079   0.20383
  1080   0.20338
  1081   0.20293
  1082   0.20248
  1083   0.20203
  1084   0.20158
  1085   0.20113
  1086   0.20068
  1087   0.20022
  1088   0.19977
  1089   0.19933
  1090   0.19887
  1091   0.19843
  1092   0.19798
  1093   0.19753
  1094   0.19708
  1095   0.19663
  1096   0.19618
  1097   0.19573
  1098   0.19528
  1099   0.19484
  1100   0.19439
  1101   0.19394
  1102   0.19350
  1103   0.19305
  1104   0.19260
  1105   0.19215
  1106   0.19171
  1107   0.19126
  1108   0.19082
  1109   0.19037
  1110   0.18992
  1111   0.18948
  1112   0.18903
  1113   0.18859
  1114   0.18814
  1115   0.18770
  1116   0.18726
  1117   0.18681
  1118   0.18637
  1119   0.18592
  1120   0.18548
  1121   0.18504
  1122   0.18459
  1123   0.18415
  1124   0.18371
  1125   0.18327
  1126   0.18282
  1127   0.18238
  1128   0.18194
  1129   0.18150
  1130   0.18106
  1131   0.18062
  1132   0.18017
  1133   0.17973
  1134   0.17929
  1135   0.17885
  1136   0.17841
  1137   0.17797
  1138   0.17753
  1139   0.17709
  1140   0.17665
  1141   0.17621
  1142   0.17577
  1143   0.17533
  1144   0.17489
  1145   0.17446
  1146   0.17402
  1147   0.17358
  1148   0.17314
  1149   0.17270
  1150   0.17226
  1151   0.17183
  1152   0.17139
  1153   0.17095
  1154   0.17052
  1155   0.17008
  1156   0.16964
  1157   0.16921
  1158   0.16877
  1159   0.16833
  1160   0.16790
  1161   0.16746
  1162   0.16703
  1163   0.16659
  1164   0.16616
  1165   0.16572
  1166   0.16529
  1167   0.16485
  1168   0.16442
  1169   0.16399
  1170   0.16355
  1171   0.16312
  1172   0.16268
  1173   0.16225
  1174   0.16182
  1175   0.16139
  1176   0.16095
  1177   0.16052
  1178   0.16009
  1179   0.15966
  1180   0.15923
  1181   0.15879
  1182   0.15836
  1183   0.15793
  1184   0.15750
  1185   0.15707
  1186   0.15664
  1187   0.15621
  1188   0.15578
  1189   0.15535
  1190   0.15492
  1191   0.15449
  1192   0.15406
  1193   0.15363
  1194   0.15321
  1195   0.15278
  1196   0.15235
  1197   0.15192
  1198   0.15149
  1199   0.15107
  1200   0.15064
  1201   0.15021
  1202   0.14979
  1203   0.14936
  1204   0.14894
  1205   0.14851
  1206   0.14808
  1207   0.14766
  1208   0.14724
  1209   0.14681
  1210   0.14639
  1211   0.14596
  1212   0.14554
  1213   0.14512
  1214   0.14469
  1215   0.14427
  1216   0.14385
  1217   0.14343
  1218   0.14301
  1219   0.14258
  1220   0.14216
  1221   0.14174
  1222   0.14132
  1223   0.14090
  1224   0.14048
  1225   0.14006
  1226   0.13964
  1227   0.13923
  1228   0.13881
  1229   0.13839
  1230   0.13797
  1231   0.13755
  1232   0.13714
  1233   0.13672
  1234   0.13631
  1235   0.13589
  1236   0.13547
  1237   0.13506
  1238   0.13465
  1239   0.13423
  1240   0.13382
  1241   0.13341
  1242   0.13299
  1243   0.13258
  1244   0.13217
  1245   0.13176
  1246   0.13135
  1247   0.13093
  1248   0.13052
  1249   0.13012
  1250   0.12971
  1251   0.12930
  1252   0.12889
  1253   0.12848
  1254   0.12807
  1255   0.12767
  1256   0.12726
  1257   0.12685
  1258   0.12645
  1259   0.12604
  1260   0.12564
  1261   0.12524
  1262   0.12483
  1263   0.12443
  1264   0.12403
  1265   0.12363
  1266   0.12322
  1267   0.12282
  1268   0.12242
  1269   0.12202
  1270   0.12162
  1271   0.12123
  1272   0.12083
  1273   0.12043
  1274   0.12003
  1275   0.11964
  1276   0.11924
  1277   0.11885
  1278   0.11845
  1279   0.11806
  1280   0.11766
  1281   0.11727
  1282   0.11688
  1283   0.11649
  1284   0.11610
  1285   0.11571
  1286   0.11532
  1287   0.11493
  1288   0.11454
  1289   0.11415
  1290   0.11377
  1291   0.11338
  1292   0.11299
  1293   0.11261
  1294   0.11222
  1295   0.11184
  1296   0.11146
  1297   0.11108
  1298   0.11069
  1299   0.11031
  1300   0.10993
  1301   0.10955
  1302   0.10918
  1303   0.10880
  1304   0.10842
  1305   0.10804
  1306   0.10767
  1307   0.10729
  1308   0.10692
  1309   0.10654
  1310   0.10617
  1311   0.10580
  1312   0.10543
  1313   0.10506
  1314   0.10469
  1315   0.10432
  1316   0.10395
  1317   0.10358
  1318   0.10322
  1319   0.10285
  1320   0.10248
  1321   0.10212
  1322   0.10176
  1323   0.10139
  1324   0.10103
  1325   0.10067
  1326   0.10031
  1327   0.09995
  1328   0.09959
  1329   0.09923
  1330   0.09888
  1331   0.09852
  1332   0.09816
  1333   0.09781
  1334   0.09746
  1335   0.09710
  1336   0.09675
  1337   0.09640
  1338   0.09605
  1339   0.09570
  1340   0.09535
  1341   0.09500
  1342   0.09466
  1343   0.09431
  1344   0.09396
  1345   0.09362
  1346   0.09328
  1347   0.09293
  1348   0.09259
  1349   0.09225
  1350   0.09191
  1351   0.09157
  1352   0.09123
  1353   0.09090
  1354   0.09056
  1355   0.09023
  1356   0.08989
  1357   0.08956
  1358   0.08922
  1359   0.08889
  1360   0.08856
  1361   0.08823
  1362   0.08790
  1363   0.08757
  1364   0.08725
  1365   0.08692
  1366   0.08659
  1367   0.08627
  1368   0.08595
  1369   0.08562
  1370   0.08530
  1371   0.08498
  1372   0.08466
  1373   0.08434
  1374   0.08402
  1375   0.08371
  1376   0.08339
  1377   0.08308
  1378   0.08276
  1379   0.08245
  1380   0.08214
  1381   0.08182
  1382   0.08151
  1383   0.08120
  1384   0.08089
  1385   0.08059
  1386   0.08028
  1387   0.07997
  1388   0.07967
  1389   0.07936
  1390   0.07906
  1391   0.07876
  1392   0.07846
  1393   0.07816
  1394   0.07786
  1395   0.07756
  1396   0.07726
  1397   0.07696
  1398   0.07667
  1399   0.07637
  1400   0.07608
  1401   0.07579
  1402   0.07549
  1403   0.07520
  1404   0.07491
  1405   0.07462
  1406   0.07434
  1407   0.07405
  1408   0.07376
  1409   0.07348
  1410   0.07319
  1411   0.07291
  1412   0.07262
  1413   0.07234
  1414   0.07206
  1415   0.07178
  1416   0.07150
  1417   0.07122
  1418   0.07095
  1419   0.07067
  1420   0.07039
  1421   0.07012
  1422   0.06985
  1423   0.06957
  1424   0.06930
  1425   0.06903
  1426   0.06876
  1427   0.06849
  1428   0.06822
  1429   0.06795
  1430   0.06769
  1431   0.06742
  1432   0.06716
  1433   0.06689
  1434   0.06663
  1435   0.06637
  1436   0.06610
  1437   0.06584
  1438   0.06558
  1439   0.06532
  1440   0.06507
  1441   0.06481
  1442   0.06455
  1443   0.06430
  1444   0.06404
  1445   0.06379
  1446   0.06354
  1447   0.06328
  1448   0.06303
  1449   0.06278
  1450   0.06253
  1451   0.06228
  1452   0.06203
  1453   0.06179
  1454   0.06154
  1455   0.06129
  1456   0.06105
  1457   0.06081
  1458   0.06056
  1459   0.06032
  1460   0.06008
  1461   0.05984
  1462   0.05960
  1463   0.05936
  1464   0.05912
  1465   0.05888
  1466   0.05864
  1467   0.05841
  1468   0.05817
  1469   0.05794
  1470   0.05770
  1471   0.05747
  1472   0.05724
  1473   0.05701
  1474   0.05677
  1475   0.05654
  1476   0.05631
  1477   0.05609
  1478   0.05586
  1479   0.05563
  1480   0.05540
  1481   0.05518
  1482   0.05495
  1483   0.05473
  1484   0.05450
  1485   0.05428
  1486   0.05406
  1487   0.05384
  1488   0.05362
  1489   0.05340
  1490   0.05318
  1491   0.05296
  1492   0.05274
  1493   0.05252
  1494   0.05230
  1495   0.05209
  1496   0.05187
  1497   0.05166
  1498   0.05144
  1499   0.05123
  1500   0.05102
  1501   0.05081
  1502   0.05059
  1503   0.05038
  1504   0.05017
  1505   0.04996
  1506   0.04975
  1507   0.04955
  1508   0.04934
  1509   0.04913
  1510   0.04892
  1511   0.04872
  1512   0.04851
  1513   0.04831
  1514   0.04810
  1515   0.04790
  1516   0.04770
  1517   0.04750
  1518   0.04729
  1519   0.04709
  1520   0.04689
  1521   0.04669
  1522   0.04649
  1523   0.04629
  1524   0.04610
  1525   0.04590
  1526   0.04570
  1527   0.04551
  1528   0.04531
  1529   0.04511
  1530   0.04492
  1531   0.04473
  1532   0.04453
  1533   0.04434
  1534   0.04415
  1535   0.04395
  1536   0.04376
  1537   0.04357
  1538   0.04338
  1539   0.04319
  1540   0.04300
  1541   0.04281
  1542   0.04263
  1543   0.04244
  1544   0.04225
  1545   0.04207
  1546   0.04188
  1547   0.04169
  1548   0.04151
  1549   0.04132
  1550   0.04114
  1551   0.04096
  1552   0.04077
  1553   0.04059
  1554   0.04041
  1555   0.04023
  1556   0.04005
  1557   0.03987
  1558   0.03969
  1559   0.03951
  1560   0.03933
  1561   0.03915
  1562   0.03897
  1563   0.03880
  1564   0.03862
  1565   0.03844
  1566   0.03827
  1567   0.03809
  1568   0.03792
  1569   0.03774
  1570   0.03757
  1571   0.03740
  1572   0.03723
  1573   0.03705
  1574   0.03688
  1575   0.03671
  1576   0.03654
  1577   0.03637
  1578   0.03620
  1579   0.03603
  1580   0.03586
  1581   0.03569
  1582   0.03553
  1583   0.03536
  1584   0.03519
  1585   0.03502
  1586   0.03486
  1587   0.03469
  1588   0.03453
  1589   0.03436
  1590   0.03420
  1591   0.03404
  1592   0.03387
  1593   0.03371
  1594   0.03355
  1595   0.03339
  1596   0.03323
  1597   0.03307
  1598   0.03291
  1599   0.03275
  1600   0.03259
  1601   0.03243
  1602   0.03227
  1603   0.03211
  1604   0.03196
  1605   0.03180
  1606   0.03164
  1607   0.03149
  1608   0.03133
  1609   0.03118
  1610   0.03102
  1611   0.03087
  1612   0.03072
  1613   0.03056
  1614   0.03041
  1615   0.03026
  1616   0.03011
  1617   0.02996
  1618   0.02981
  1619   0.02966
  1620   0.02951
  1621   0.02936
  1622   0.02921
  1623   0.02906
  1624   0.02892
  1625   0.02877
  1626   0.02862
  1627   0.02848
  1628   0.02833
  1629   0.02819
  1630   0.02804
  1631   0.02790
  1632   0.02776
  1633   0.02761
  1634   0.02747
  1635   0.02733
  1636   0.02719
  1637   0.02705
  1638   0.02691
  1639   0.02677
  1640   0.02663
  1641   0.02649
  1642   0.02635
  1643   0.02621
  1644   0.02608
  1645   0.02594
  1646   0.02580
  1647   0.02567
  1648   0.02553
  1649   0.02540
  1650   0.02526
  1651   0.02513
  1652   0.02500
  1653   0.02487
  1654   0.02473
  1655   0.02460
  1656   0.02447
  1657   0.02434
  1658   0.02421
  1659   0.02408
  1660   0.02395
  1661   0.02382
  1662   0.02370
  1663   0.02357
  1664   0.02344
  1665   0.02332
  1666   0.02319
  1667   0.02307
  1668   0.02294
  1669   0.02282
  1670   0.02269
  1671   0.02257
  1672   0.02245
  1673   0.02233
  1674   0.02220
  1675   0.02208
  1676   0.02196
  1677   0.02184
  1678   0.02172
  1679   0.02161
  1680   0.02149
  1681   0.02137
  1682   0.02125
  1683   0.02114
  1684   0.02102
  1685   0.02091
  1686   0.02079
  1687   0.02068
  1688   0.02056
  1689   0.02045
  1690   0.02034
  1691   0.02023
  1692   0.02011
  1693   0.02000
  1694   0.01989
  1695   0.01978
  1696   0.01967
  1697   0.01956
  1698   0.01946
  1699   0.01935
  1700   0.01924
  1701   0.01914
  1702   0.01903
  1703   0.01892
  1704   0.01882
  1705   0.01872
  1706   0.01861
  1707   0.01851
  1708   0.01841
  1709   0.01830
  1710   0.01820
  1711   0.01810
  1712   0.01800
  1713   0.01790
  1714   0.01780
  1715   0.01770
  1716   0.01760
  1717   0.01751
  1718   0.01741
  1719   0.01731
  1720   0.01722
  1721   0.01712
  1722   0.01703
  1723   0.01693
  1724   0.01684
  1725   0.01675
  1726   0.01665
  1727   0.01656
  1728   0.01647
  1729   0.01638
  1730   0.01629
  1731   0.01620
  1732   0.01611
  1733   0.01602
  1734   0.01593
  1735   0.01584
  1736   0.01576
  1737   0.01567
  1738   0.01558
  1739   0.01550
  1740   0.01541
  1741   0.01533
  1742   0.01524
  1743   0.01516
  1744   0.01508
  1745   0.01499
  1746   0.01491
  1747   0.01483
  1748   0.01475
  1749   0.01467
  1750   0.01459
  1751   0.01451
  1752   0.01443
  1753   0.01435
  1754   0.01428
  1755   0.01420
  1756   0.01412
  1757   0.01405
  1758   0.01397
  1759   0.01389
  1760   0.01382
  1761   0.01375
  1762   0.01367
  1763   0.01360
  1764   0.01353
  1765   0.01345
  1766   0.01338
  1767   0.01331
  1768   0.01324
  1769   0.01317
  1770   0.01310
  1771   0.01303
  1772   0.01296
  1773   0.01289
  1774   0.01282
  1775   0.01276
  1776   0.01269
  1777   0.01262
  1778   0.01256
  1779   0.01249
  1780   0.01243
  1781   0.01236
  1782   0.01230
  1783   0.01223
  1784   0.01217
  1785   0.01211
  1786   0.01204
  1787   0.01198
  1788   0.01192
  1789   0.01186
  1790   0.01180
  1791   0.01174
  1792   0.01168
  1793   0.01162
  1794   0.01156
  1795   0.01150
  1796   0.01144
  1797   0.01139
  1798   0.01133
  1799   0.01127
  1800   0.01121
  1801   0.01116
  1802   0.01110
  1803   0.01105
  1804   0.01099
  1805   0.01094
  1806   0.01088
  1807   0.01083
  1808   0.01078
  1809   0.01072
  1810   0.01067
  1811   0.01062
  1812   0.01056
  1813   0.01051
  1814   0.01046
  1815   0.01041
  1816   0.01036
  1817   0.01031
  1818   0.01026
  1819   0.01021
  1820   0.01016
  1821   0.01011
  1822   0.01006
  1823   0.01002
  1824   0.00997
  1825   0.00992
  1826   0.00987
  1827   0.00983
  1828   0.00978
  1829   0.00973
  1830   0.00969
  1831   0.00964
  1832   0.00960
  1833   0.00955
  1834   0.00951
  1835   0.00946
  1836   0.00942
  1837   0.00937
  1838   0.00933
  1839   0.00929
  1840   0.00924
  1841   0.00920
  1842   0.00916
  1843   0.00911
  1844   0.00907
  1845   0.00903
  1846   0.00899
  1847   0.00895
  1848   0.00891
  1849   0.00887
  1850   0.00882
  1851   0.00878
  1852   0.00874
  1853   0.00870
  1854   0.00866
  1855   0.00863
  1856   0.00859
  1857   0.00855
  1858   0.00851
  1859   0.00847
  1860   0.00843
  1861   0.00839
  1862   0.00836
  1863   0.00832
  1864   0.00828
  1865   0.00824
  1866   0.00821
  1867   0.00817
  1868   0.00813
  1869   0.00810
  1870   0.00806
  1871   0.00802
  1872   0.00799
  1873   0.00795
  1874   0.00792
  1875   0.00788
  1876   0.00784
  1877   0.00781
  1878   0.00777
  1879   0.00774
  1880   0.00771
  1881   0.00767
  1882   0.00764
  1883   0.00760
  1884   0.00757
  1885   0.00753
  1886   0.00750
  1887   0.00747
  1888   0.00743
  1889   0.00740
  1890   0.00737
  1891   0.00733
  1892   0.00730
  1893   0.00727
  1894   0.00724
  1895   0.00720
  1896   0.00717
  1897   0.00714
  1898   0.00711
  1899   0.00707
  1900   0.00704
  1901   0.00701
  1902   0.00698
  1903   0.00695
  1904   0.00692
  1905   0.00688
  1906   0.00685
  1907   0.00682
  1908   0.00679
  1909   0.00676
  1910   0.00673
  1911   0.00670
  1912   0.00667
  1913   0.00664
  1914   0.00661
  1915   0.00658
  1916   0.00655
  1917   0.00651
  1918   0.00648
  1919   0.00645
  1920   0.00642
  1921   0.00639
  1922   0.00636
  1923   0.00634
  1924   0.00631
  1925   0.00628
  1926   0.00625
  1927   0.00622
  1928   0.00619
  1929   0.00616
  1930   0.00613
  1931   0.00610
  1932   0.00607
  1933   0.00604
  1934   0.00601
  1935   0.00598
  1936   0.00596
  1937   0.00593
  1938   0.00590
  1939   0.00587
  1940   0.00584
  1941   0.00581
  1942   0.00578
  1943   0.00576
  1944   0.00573
  1945   0.00570
  1946   0.00567
  1947   0.00564
  1948   0.00561
  1949   0.00559
  1950   0.00556
  1951   0.00553
  1952   0.00550
  1953   0.00548
  1954   0.00545
  1955   0.00542
  1956   0.00539
  1957   0.00536
  1958   0.00534
  1959   0.00531
  1960   0.00528
  1961   0.00526
  1962   0.00523
  1963   0.00520
  1964   0.00517
  1965   0.00515
  1966   0.00512
  1967   0.00509
  1968   0.00507
  1969   0.00504
  1970   0.00501
  1971   0.00499
  1972   0.00496
  1973   0.00493
  1974   0.00491
  1975   0.00488
  1976   0.00485
  1977   0.00483
  1978   0.00480
  1979   0.00477
  1980   0.00475
  1981   0.00472
  1982   0.00470
  1983   0.00467
  1984   0.00464
  1985   0.00462
  1986   0.00459
  1987   0.00457
  1988   0.00454
  1989   0.00452
  1990   0.00449
  1991   0.00447
  1992   0.00444
  1993   0.00441
  1994   0.00439
  1995   0.00436
  1996   0.00434
  1997   0.00431
  1998   0.00429
  1999   0.00426
  2000   0.00424
