# Wilkinson Microwave Anisotropy Probe (WMAP) 3 year data release, version 1.
# Beam Transfer Function (amplitude) for differencing assembly W1,
# normalized to 1.0 at l=1.  The window function is the square of the
# beam transfer function.
# Reference = WMAP Explanatory Supplement: http://lambda.gsfc.nasa.gov/
# Column 1 = multipole moment l
# Column 2 = beam transfer function (amplitude), dimensionless units
# 
     0   1.00001
     1   1.00000
     2   0.99998
     3   0.99994
     4   0.99989
     5   0.99983
     6   0.99976
     7   0.99968
     8   0.99958
     9   0.99947
    10   0.99935
    11   0.99922
    12   0.99908
    13   0.99892
    14   0.99875
    15   0.99857
    16   0.99838
    17   0.99818
    18   0.99796
    19   0.99773
    20   0.99750
    21   0.99724
    22   0.99698
    23   0.99671
    24   0.99642
    25   0.99612
    26   0.99582
    27   0.99550
    28   0.99516
    29   0.99482
    30   0.99446
    31   0.99410
    32   0.99372
    33   0.99333
    34   0.99293
    35   0.99252
    36   0.99209
    37   0.99166
    38   0.99121
    39   0.99076
    40   0.99029
    41   0.98981
    42   0.98932
    43   0.98882
    44   0.98831
    45   0.98778
    46   0.98725
    47   0.98671
    48   0.98615
    49   0.98559
    50   0.98501
    51   0.98443
    52   0.98383
    53   0.98322
    54   0.98260
    55   0.98198
    56   0.98134
    57   0.98069
    58   0.98003
    59   0.97936
    60   0.97869
    61   0.97800
    62   0.97730
    63   0.97659
    64   0.97587
    65   0.97515
    66   0.97441
    67   0.97367
    68   0.97291
    69   0.97215
    70   0.97137
    71   0.97059
    72   0.96980
    73   0.96900
    74   0.96819
    75   0.96737
    76   0.96654
    77   0.96571
    78   0.96486
    79   0.96401
    80   0.96315
    81   0.96228
    82   0.96140
    83   0.96051
    84   0.95961
    85   0.95871
    86   0.95780
    87   0.95688
    88   0.95595
    89   0.95502
    90   0.95408
    91   0.95313
    92   0.95217
    93   0.95121
    94   0.95023
    95   0.94925
    96   0.94827
    97   0.94727
    98   0.94627
    99   0.94527
   100   0.94425
   101   0.94323
   102   0.94220
   103   0.94117
   104   0.94013
   105   0.93908
   106   0.93803
   107   0.93697
   108   0.93590
   109   0.93483
   110   0.93375
   111   0.93267
   112   0.93158
   113   0.93048
   114   0.92938
   115   0.92828
   116   0.92717
   117   0.92605
   118   0.92493
   119   0.92380
   120   0.92267
   121   0.92153
   122   0.92039
   123   0.91924
   124   0.91809
   125   0.91693
   126   0.91577
   127   0.91460
   128   0.91343
   129   0.91226
   130   0.91108
   131   0.90990
   132   0.90871
   133   0.90752
   134   0.90632
   135   0.90513
   136   0.90392
   137   0.90272
   138   0.90151
   139   0.90029
   140   0.89908
   141   0.89786
   142   0.89663
   143   0.89541
   144   0.89418
   145   0.89295
   146   0.89171
   147   0.89047
   148   0.88923
   149   0.88799
   150   0.88674
   151   0.88549
   152   0.88424
   153   0.88299
   154   0.88173
   155   0.88048
   156   0.87921
   157   0.87795
   158   0.87669
   159   0.87542
   160   0.87415
   161   0.87288
   162   0.87161
   163   0.87034
   164   0.86906
   165   0.86779
   166   0.86651
   167   0.86523
   168   0.86395
   169   0.86267
   170   0.86138
   171   0.86010
   172   0.85881
   173   0.85753
   174   0.85624
   175   0.85495
   176   0.85367
   177   0.85238
   178   0.85109
   179   0.84980
   180   0.84850
   181   0.84721
   182   0.84592
   183   0.84463
   184   0.84334
   185   0.84204
   186   0.84075
   187   0.83945
   188   0.83816
   189   0.83687
   190   0.83557
   191   0.83428
   192   0.83299
   193   0.83169
   194   0.83040
   195   0.82911
   196   0.82782
   197   0.82652
   198   0.82523
   199   0.82394
   200   0.82265
   201   0.82136
   202   0.82007
   203   0.81878
   204   0.81749
   205   0.81620
   206   0.81492
   207   0.81363
   208   0.81235
   209   0.81106
   210   0.80978
   211   0.80850
   212   0.80722
   213   0.80594
   214   0.80466
   215   0.80338
   216   0.80210
   217   0.80083
   218   0.79955
   219   0.79828
   220   0.79701
   221   0.79574
   222   0.79447
   223   0.79320
   224   0.79193
   225   0.79067
   226   0.78940
   227   0.78814
   228   0.78688
   229   0.78562
   230   0.78437
   231   0.78311
   232   0.78185
   233   0.78060
   234   0.77935
   235   0.77810
   236   0.77685
   237   0.77561
   238   0.77436
   239   0.77312
   240   0.77188
   241   0.77064
   242   0.76941
   243   0.76817
   244   0.76694
   245   0.76571
   246   0.76448
   247   0.76325
   248   0.76203
   249   0.76080
   250   0.75958
   251   0.75836
   252   0.75714
   253   0.75593
   254   0.75472
   255   0.75350
   256   0.75229
   257   0.75109
   258   0.74988
   259   0.74868
   260   0.74748
   261   0.74628
   262   0.74508
   263   0.74389
   264   0.74270
   265   0.74150
   266   0.74032
   267   0.73913
   268   0.73795
   269   0.73677
   270   0.73559
   271   0.73441
   272   0.73323
   273   0.73206
   274   0.73089
   275   0.72972
   276   0.72855
   277   0.72739
   278   0.72623
   279   0.72507
   280   0.72391
   281   0.72275
   282   0.72160
   283   0.72045
   284   0.71930
   285   0.71815
   286   0.71701
   287   0.71587
   288   0.71473
   289   0.71359
   290   0.71246
   291   0.71132
   292   0.71019
   293   0.70906
   294   0.70794
   295   0.70681
   296   0.70569
   297   0.70457
   298   0.70345
   299   0.70234
   300   0.70122
   301   0.70011
   302   0.69900
   303   0.69789
   304   0.69679
   305   0.69569
   306   0.69459
   307   0.69349
   308   0.69239
   309   0.69130
   310   0.69021
   311   0.68912
   312   0.68803
   313   0.68694
   314   0.68586
   315   0.68478
   316   0.68370
   317   0.68262
   318   0.68155
   319   0.68047
   320   0.67940
   321   0.67834
   322   0.67727
   323   0.67620
   324   0.67514
   325   0.67408
   326   0.67302
   327   0.67197
   328   0.67091
   329   0.66986
   330   0.66881
   331   0.66776
   332   0.66672
   333   0.66567
   334   0.66463
   335   0.66359
   336   0.66255
   337   0.66152
   338   0.66048
   339   0.65945
   340   0.65842
   341   0.65739
   342   0.65637
   343   0.65534
   344   0.65432
   345   0.65330
   346   0.65228
   347   0.65126
   348   0.65025
   349   0.64924
   350   0.64823
   351   0.64722
   352   0.64621
   353   0.64520
   354   0.64420
   355   0.64320
   356   0.64220
   357   0.64120
   358   0.64020
   359   0.63921
   360   0.63822
   361   0.63723
   362   0.63624
   363   0.63525
   364   0.63426
   365   0.63328
   366   0.63230
   367   0.63132
   368   0.63034
   369   0.62936
   370   0.62839
   371   0.62742
   372   0.62645
   373   0.62548
   374   0.62451
   375   0.62354
   376   0.62258
   377   0.62162
   378   0.62066
   379   0.61970
   380   0.61874
   381   0.61778
   382   0.61683
   383   0.61588
   384   0.61493
   385   0.61398
   386   0.61303
   387   0.61208
   388   0.61114
   389   0.61020
   390   0.60926
   391   0.60832
   392   0.60738
   393   0.60644
   394   0.60551
   395   0.60458
   396   0.60365
   397   0.60272
   398   0.60179
   399   0.60086
   400   0.59994
   401   0.59902
   402   0.59809
   403   0.59717
   404   0.59626
   405   0.59534
   406   0.59443
   407   0.59351
   408   0.59260
   409   0.59169
   410   0.59078
   411   0.58987
   412   0.58897
   413   0.58806
   414   0.58716
   415   0.58626
   416   0.58536
   417   0.58446
   418   0.58357
   419   0.58267
   420   0.58178
   421   0.58089
   422   0.58000
   423   0.57911
   424   0.57822
   425   0.57733
   426   0.57645
   427   0.57557
   428   0.57469
   429   0.57381
   430   0.57293
   431   0.57205
   432   0.57118
   433   0.57030
   434   0.56943
   435   0.56856
   436   0.56769
   437   0.56682
   438   0.56596
   439   0.56509
   440   0.56423
   441   0.56337
   442   0.56251
   443   0.56165
   444   0.56079
   445   0.55994
   446   0.55908
   447   0.55823
   448   0.55738
   449   0.55653
   450   0.55568
   451   0.55484
   452   0.55399
   453   0.55315
   454   0.55231
   455   0.55147
   456   0.55062
   457   0.54979
   458   0.54895
   459   0.54812
   460   0.54728
   461   0.54645
   462   0.54562
   463   0.54479
   464   0.54396
   465   0.54314
   466   0.54231
   467   0.54149
   468   0.54067
   469   0.53985
   470   0.53903
   471   0.53821
   472   0.53740
   473   0.53658
   474   0.53577
   475   0.53496
   476   0.53415
   477   0.53334
   478   0.53254
   479   0.53173
   480   0.53093
   481   0.53012
   482   0.52932
   483   0.52852
   484   0.52772
   485   0.52693
   486   0.52613
   487   0.52534
   488   0.52455
   489   0.52375
   490   0.52297
   491   0.52218
   492   0.52139
   493   0.52061
   494   0.51982
   495   0.51904
   496   0.51826
   497   0.51748
   498   0.51670
   499   0.51593
   500   0.51515
   501   0.51438
   502   0.51361
   503   0.51284
   504   0.51207
   505   0.51130
   506   0.51053
   507   0.50977
   508   0.50900
   509   0.50824
   510   0.50748
   511   0.50672
   512   0.50596
   513   0.50521
   514   0.50445
   515   0.50370
   516   0.50295
   517   0.50220
   518   0.50145
   519   0.50070
   520   0.49995
   521   0.49921
   522   0.49847
   523   0.49772
   524   0.49698
   525   0.49624
   526   0.49551
   527   0.49477
   528   0.49404
   529   0.49330
   530   0.49257
   531   0.49184
   532   0.49111
   533   0.49038
   534   0.48965
   535   0.48893
   536   0.48820
   537   0.48748
   538   0.48676
   539   0.48604
   540   0.48532
   541   0.48460
   542   0.48389
   543   0.48317
   544   0.48246
   545   0.48175
   546   0.48104
   547   0.48033
   548   0.47962
   549   0.47891
   550   0.47821
   551   0.47751
   552   0.47680
   553   0.47610
   554   0.47540
   555   0.47470
   556   0.47401
   557   0.47331
   558   0.47262
   559   0.47192
   560   0.47123
   561   0.47054
   562   0.46985
   563   0.46916
   564   0.46848
   565   0.46779
   566   0.46711
   567   0.46642
   568   0.46574
   569   0.46506
   570   0.46438
   571   0.46370
   572   0.46303
   573   0.46235
   574   0.46168
   575   0.46100
   576   0.46033
   577   0.45966
   578   0.45899
   579   0.45832
   580   0.45765
   581   0.45699
   582   0.45632
   583   0.45566
   584   0.45500
   585   0.45434
   586   0.45368
   587   0.45302
   588   0.45236
   589   0.45170
   590   0.45105
   591   0.45039
   592   0.44974
   593   0.44909
   594   0.44844
   595   0.44779
   596   0.44714
   597   0.44649
   598   0.44584
   599   0.44520
   600   0.44455
   601   0.44391
   602   0.44327
   603   0.44263
   604   0.44199
   605   0.44135
   606   0.44071
   607   0.44007
   608   0.43944
   609   0.43880
   610   0.43817
   611   0.43754
   612   0.43691
   613   0.43628
   614   0.43565
   615   0.43502
   616   0.43439
   617   0.43376
   618   0.43314
   619   0.43251
   620   0.43189
   621   0.43127
   622   0.43065
   623   0.43002
   624   0.42940
   625   0.42879
   626   0.42817
   627   0.42755
   628   0.42694
   629   0.42632
   630   0.42571
   631   0.42509
   632   0.42448
   633   0.42387
   634   0.42326
   635   0.42265
   636   0.42204
   637   0.42143
   638   0.42083
   639   0.42022
   640   0.41961
   641   0.41901
   642   0.41841
   643   0.41780
   644   0.41720
   645   0.41660
   646   0.41600
   647   0.41540
   648   0.41481
   649   0.41421
   650   0.41361
   651   0.41301
   652   0.41242
   653   0.41183
   654   0.41123
   655   0.41064
   656   0.41005
   657   0.40946
   658   0.40887
   659   0.40828
   660   0.40769
   661   0.40710
   662   0.40651
   663   0.40593
   664   0.40534
   665   0.40476
   666   0.40417
   667   0.40359
   668   0.40300
   669   0.40242
   670   0.40184
   671   0.40126
   672   0.40068
   673   0.40010
   674   0.39952
   675   0.39895
   676   0.39837
   677   0.39779
   678   0.39722
   679   0.39664
   680   0.39607
   681   0.39550
   682   0.39492
   683   0.39435
   684   0.39378
   685   0.39321
   686   0.39264
   687   0.39207
   688   0.39150
   689   0.39093
   690   0.39037
   691   0.38980
   692   0.38923
   693   0.38867
   694   0.38810
   695   0.38754
   696   0.38698
   697   0.38641
   698   0.38585
   699   0.38529
   700   0.38473
   701   0.38417
   702   0.38361
   703   0.38305
   704   0.38249
   705   0.38194
   706   0.38138
   707   0.38082
   708   0.38027
   709   0.37971
   710   0.37916
   711   0.37860
   712   0.37805
   713   0.37750
   714   0.37695
   715   0.37639
   716   0.37584
   717   0.37529
   718   0.37474
   719   0.37419
   720   0.37364
   721   0.37310
   722   0.37255
   723   0.37200
   724   0.37146
   725   0.37091
   726   0.37037
   727   0.36982
   728   0.36928
   729   0.36874
   730   0.36819
   731   0.36765
   732   0.36711
   733   0.36657
   734   0.36603
   735   0.36549
   736   0.36495
   737   0.36441
   738   0.36387
   739   0.36334
   740   0.36280
   741   0.36226
   742   0.36173
   743   0.36119
   744   0.36066
   745   0.36012
   746   0.35959
   747   0.35906
   748   0.35853
   749   0.35800
   750   0.35746
   751   0.35693
   752   0.35640
   753   0.35588
   754   0.35535
   755   0.35482
   756   0.35429
   757   0.35376
   758   0.35324
   759   0.35271
   760   0.35219
   761   0.35166
   762   0.35114
   763   0.35061
   764   0.35009
   765   0.34957
   766   0.34905
   767   0.34852
   768   0.34800
   769   0.34748
   770   0.34696
   771   0.34644
   772   0.34593
   773   0.34541
   774   0.34489
   775   0.34437
   776   0.34386
   777   0.34334
   778   0.34282
   779   0.34231
   780   0.34179
   781   0.34128
   782   0.34077
   783   0.34026
   784   0.33974
   785   0.33923
   786   0.33872
   787   0.33821
   788   0.33770
   789   0.33719
   790   0.33668
   791   0.33617
   792   0.33566
   793   0.33516
   794   0.33465
   795   0.33414
   796   0.33364
   797   0.33313
   798   0.33263
   799   0.33212
   800   0.33162
   801   0.33112
   802   0.33061
   803   0.33011
   804   0.32961
   805   0.32911
   806   0.32861
   807   0.32811
   808   0.32761
   809   0.32711
   810   0.32661
   811   0.32611
   812   0.32562
   813   0.32512
   814   0.32462
   815   0.32413
   816   0.32363
   817   0.32313
   818   0.32264
   819   0.32215
   820   0.32165
   821   0.32116
   822   0.32067
   823   0.32017
   824   0.31968
   825   0.31919
   826   0.31870
   827   0.31821
   828   0.31772
   829   0.31723
   830   0.31674
   831   0.31625
   832   0.31576
   833   0.31528
   834   0.31479
   835   0.31430
   836   0.31382
   837   0.31333
   838   0.31284
   839   0.31236
   840   0.31187
   841   0.31139
   842   0.31091
   843   0.31042
   844   0.30994
   845   0.30946
   846   0.30898
   847   0.30849
   848   0.30801
   849   0.30753
   850   0.30705
   851   0.30657
   852   0.30609
   853   0.30561
   854   0.30513
   855   0.30465
   856   0.30418
   857   0.30370
   858   0.30322
   859   0.30274
   860   0.30227
   861   0.30179
   862   0.30132
   863   0.30084
   864   0.30036
   865   0.29989
   866   0.29942
   867   0.29894
   868   0.29847
   869   0.29799
   870   0.29752
   871   0.29705
   872   0.29657
   873   0.29610
   874   0.29563
   875   0.29516
   876   0.29469
   877   0.29421
   878   0.29374
   879   0.29327
   880   0.29280
   881   0.29233
   882   0.29186
   883   0.29139
   884   0.29092
   885   0.29045
   886   0.28999
   887   0.28952
   888   0.28905
   889   0.28858
   890   0.28811
   891   0.28765
   892   0.28718
   893   0.28671
   894   0.28625
   895   0.28578
   896   0.28531
   897   0.28485
   898   0.28438
   899   0.28391
   900   0.28345
   901   0.28298
   902   0.28252
   903   0.28205
   904   0.28159
   905   0.28112
   906   0.28066
   907   0.28020
   908   0.27973
   909   0.27927
   910   0.27880
   911   0.27834
   912   0.27788
   913   0.27741
   914   0.27695
   915   0.27649
   916   0.27602
   917   0.27556
   918   0.27510
   919   0.27464
   920   0.27417
   921   0.27371
   922   0.27325
   923   0.27279
   924   0.27233
   925   0.27186
   926   0.27140
   927   0.27094
   928   0.27048
   929   0.27002
   930   0.26955
   931   0.26909
   932   0.26863
   933   0.26817
   934   0.26771
   935   0.26725
   936   0.26679
   937   0.26633
   938   0.26587
   939   0.26541
   940   0.26494
   941   0.26448
   942   0.26402
   943   0.26356
   944   0.26310
   945   0.26264
   946   0.26218
   947   0.26172
   948   0.26126
   949   0.26080
   950   0.26034
   951   0.25988
   952   0.25942
   953   0.25896
   954   0.25850
   955   0.25804
   956   0.25758
   957   0.25712
   958   0.25666
   959   0.25620
   960   0.25574
   961   0.25528
   962   0.25482
   963   0.25436
   964   0.25390
   965   0.25344
   966   0.25297
   967   0.25251
   968   0.25205
   969   0.25159
   970   0.25113
   971   0.25067
   972   0.25021
   973   0.24975
   974   0.24929
   975   0.24883
   976   0.24837
   977   0.24791
   978   0.24745
   979   0.24699
   980   0.24653
   981   0.24607
   982   0.24561
   983   0.24515
   984   0.24469
   985   0.24422
   986   0.24376
   987   0.24330
   988   0.24284
   989   0.24238
   990   0.24192
   991   0.24146
   992   0.24100
   993   0.24054
   994   0.24007
   995   0.23961
   996   0.23915
   997   0.23869
   998   0.23823
   999   0.23777
  1000   0.23731
  1001   0.23685
  1002   0.23638
  1003   0.23592
  1004   0.23546
  1005   0.23500
  1006   0.23454
  1007   0.23407
  1008   0.23361
  1009   0.23315
  1010   0.23269
  1011   0.23223
  1012   0.23176
  1013   0.23130
  1014   0.23084
  1015   0.23038
  1016   0.22992
  1017   0.22945
  1018   0.22899
  1019   0.22853
  1020   0.22807
  1021   0.22761
  1022   0.22714
  1023   0.22668
  1024   0.22622
  1025   0.22576
  1026   0.22529
  1027   0.22483
  1028   0.22437
  1029   0.22391
  1030   0.22344
  1031   0.22298
  1032   0.22252
  1033   0.22206
  1034   0.22159
  1035   0.22113
  1036   0.22067
  1037   0.22021
  1038   0.21974
  1039   0.21928
  1040   0.21882
  1041   0.21835
  1042   0.21789
  1043   0.21743
  1044   0.21697
  1045   0.21650
  1046   0.21604
  1047   0.21558
  1048   0.21512
  1049   0.21465
  1050   0.21419
  1051   0.21373
  1052   0.21327
  1053   0.21280
  1054   0.21234
  1055   0.21188
  1056   0.21142
  1057   0.21096
  1058   0.21049
  1059   0.21003
  1060   0.20957
  1061   0.20911
  1062   0.20865
  1063   0.20818
  1064   0.20772
  1065   0.20726
  1066   0.20680
  1067   0.20634
  1068   0.20588
  1069   0.20542
  1070   0.20495
  1071   0.20449
  1072   0.20403
  1073   0.20357
  1074   0.20311
  1075   0.20265
  1076   0.20219
  1077   0.20173
  1078   0.20127
  1079   0.20081
  1080   0.20035
  1081   0.19989
  1082   0.19943
  1083   0.19897
  1084   0.19851
  1085   0.19805
  1086   0.19759
  1087   0.19713
  1088   0.19667
  1089   0.19621
  1090   0.19575
  1091   0.19529
  1092   0.19483
  1093   0.19438
  1094   0.19392
  1095   0.19346
  1096   0.19300
  1097   0.19254
  1098   0.19209
  1099   0.19163
  1100   0.19117
  1101   0.19072
  1102   0.19026
  1103   0.18980
  1104   0.18934
  1105   0.18889
  1106   0.18843
  1107   0.18798
  1108   0.18752
  1109   0.18707
  1110   0.18661
  1111   0.18616
  1112   0.18570
  1113   0.18525
  1114   0.18479
  1115   0.18434
  1116   0.18389
  1117   0.18343
  1118   0.18298
  1119   0.18253
  1120   0.18207
  1121   0.18162
  1122   0.18117
  1123   0.18072
  1124   0.18027
  1125   0.17982
  1126   0.17937
  1127   0.17891
  1128   0.17846
  1129   0.17802
  1130   0.17757
  1131   0.17712
  1132   0.17667
  1133   0.17622
  1134   0.17577
  1135   0.17532
  1136   0.17487
  1137   0.17443
  1138   0.17398
  1139   0.17353
  1140   0.17309
  1141   0.17264
  1142   0.17219
  1143   0.17175
  1144   0.17130
  1145   0.17086
  1146   0.17041
  1147   0.16997
  1148   0.16953
  1149   0.16908
  1150   0.16864
  1151   0.16820
  1152   0.16776
  1153   0.16732
  1154   0.16687
  1155   0.16643
  1156   0.16599
  1157   0.16555
  1158   0.16511
  1159   0.16467
  1160   0.16424
  1161   0.16380
  1162   0.16336
  1163   0.16292
  1164   0.16248
  1165   0.16205
  1166   0.16161
  1167   0.16118
  1168   0.16074
  1169   0.16030
  1170   0.15987
  1171   0.15944
  1172   0.15900
  1173   0.15857
  1174   0.15814
  1175   0.15770
  1176   0.15727
  1177   0.15684
  1178   0.15641
  1179   0.15598
  1180   0.15555
  1181   0.15512
  1182   0.15469
  1183   0.15426
  1184   0.15383
  1185   0.15341
  1186   0.15298
  1187   0.15255
  1188   0.15212
  1189   0.15170
  1190   0.15127
  1191   0.15085
  1192   0.15042
  1193   0.15000
  1194   0.14958
  1195   0.14916
  1196   0.14873
  1197   0.14831
  1198   0.14789
  1199   0.14747
  1200   0.14705
  1201   0.14663
  1202   0.14621
  1203   0.14579
  1204   0.14537
  1205   0.14496
  1206   0.14454
  1207   0.14412
  1208   0.14371
  1209   0.14329
  1210   0.14288
  1211   0.14246
  1212   0.14205
  1213   0.14164
  1214   0.14122
  1215   0.14081
  1216   0.14040
  1217   0.13999
  1218   0.13958
  1219   0.13917
  1220   0.13876
  1221   0.13835
  1222   0.13794
  1223   0.13753
  1224   0.13713
  1225   0.13672
  1226   0.13631
  1227   0.13591
  1228   0.13550
  1229   0.13510
  1230   0.13469
  1231   0.13429
  1232   0.13389
  1233   0.13349
  1234   0.13309
  1235   0.13268
  1236   0.13228
  1237   0.13188
  1238   0.13149
  1239   0.13109
  1240   0.13069
  1241   0.13029
  1242   0.12989
  1243   0.12950
  1244   0.12910
  1245   0.12871
  1246   0.12831
  1247   0.12792
  1248   0.12753
  1249   0.12713
  1250   0.12674
  1251   0.12635
  1252   0.12596
  1253   0.12557
  1254   0.12518
  1255   0.12479
  1256   0.12440
  1257   0.12401
  1258   0.12363
  1259   0.12324
  1260   0.12285
  1261   0.12247
  1262   0.12208
  1263   0.12170
  1264   0.12131
  1265   0.12093
  1266   0.12055
  1267   0.12017
  1268   0.11979
  1269   0.11941
  1270   0.11903
  1271   0.11865
  1272   0.11827
  1273   0.11789
  1274   0.11751
  1275   0.11713
  1276   0.11676
  1277   0.11638
  1278   0.11601
  1279   0.11563
  1280   0.11526
  1281   0.11489
  1282   0.11451
  1283   0.11414
  1284   0.11377
  1285   0.11340
  1286   0.11303
  1287   0.11266
  1288   0.11229
  1289   0.11192
  1290   0.11156
  1291   0.11119
  1292   0.11082
  1293   0.11046
  1294   0.11009
  1295   0.10973
  1296   0.10936
  1297   0.10900
  1298   0.10864
  1299   0.10828
  1300   0.10792
  1301   0.10756
  1302   0.10720
  1303   0.10684
  1304   0.10648
  1305   0.10612
  1306   0.10576
  1307   0.10541
  1308   0.10505
  1309   0.10469
  1310   0.10434
  1311   0.10399
  1312   0.10363
  1313   0.10328
  1314   0.10293
  1315   0.10258
  1316   0.10222
  1317   0.10187
  1318   0.10152
  1319   0.10118
  1320   0.10083
  1321   0.10048
  1322   0.10013
  1323   0.09979
  1324   0.09944
  1325   0.09910
  1326   0.09875
  1327   0.09841
  1328   0.09807
  1329   0.09772
  1330   0.09738
  1331   0.09704
  1332   0.09670
  1333   0.09636
  1334   0.09602
  1335   0.09568
  1336   0.09535
  1337   0.09501
  1338   0.09467
  1339   0.09434
  1340   0.09400
  1341   0.09367
  1342   0.09333
  1343   0.09300
  1344   0.09267
  1345   0.09234
  1346   0.09201
  1347   0.09168
  1348   0.09135
  1349   0.09102
  1350   0.09069
  1351   0.09036
  1352   0.09004
  1353   0.08971
  1354   0.08939
  1355   0.08906
  1356   0.08874
  1357   0.08841
  1358   0.08809
  1359   0.08777
  1360   0.08745
  1361   0.08713
  1362   0.08681
  1363   0.08649
  1364   0.08617
  1365   0.08585
  1366   0.08553
  1367   0.08522
  1368   0.08490
  1369   0.08459
  1370   0.08427
  1371   0.08396
  1372   0.08365
  1373   0.08334
  1374   0.08302
  1375   0.08271
  1376   0.08240
  1377   0.08209
  1378   0.08179
  1379   0.08148
  1380   0.08117
  1381   0.08086
  1382   0.08056
  1383   0.08025
  1384   0.07995
  1385   0.07965
  1386   0.07934
  1387   0.07904
  1388   0.07874
  1389   0.07844
  1390   0.07814
  1391   0.07784
  1392   0.07754
  1393   0.07724
  1394   0.07695
  1395   0.07665
  1396   0.07636
  1397   0.07606
  1398   0.07577
  1399   0.07547
  1400   0.07518
  1401   0.07489
  1402   0.07460
  1403   0.07431
  1404   0.07402
  1405   0.07373
  1406   0.07344
  1407   0.07315
  1408   0.07287
  1409   0.07258
  1410   0.07230
  1411   0.07201
  1412   0.07173
  1413   0.07145
  1414   0.07116
  1415   0.07088
  1416   0.07060
  1417   0.07032
  1418   0.07004
  1419   0.06976
  1420   0.06949
  1421   0.06921
  1422   0.06893
  1423   0.06866
  1424   0.06838
  1425   0.06811
  1426   0.06784
  1427   0.06756
  1428   0.06729
  1429   0.06702
  1430   0.06675
  1431   0.06648
  1432   0.06621
  1433   0.06595
  1434   0.06568
  1435   0.06541
  1436   0.06515
  1437   0.06488
  1438   0.06462
  1439   0.06436
  1440   0.06409
  1441   0.06383
  1442   0.06357
  1443   0.06331
  1444   0.06305
  1445   0.06279
  1446   0.06254
  1447   0.06228
  1448   0.06202
  1449   0.06177
  1450   0.06151
  1451   0.06126
  1452   0.06100
  1453   0.06075
  1454   0.06050
  1455   0.06025
  1456   0.06000
  1457   0.05975
  1458   0.05950
  1459   0.05925
  1460   0.05901
  1461   0.05876
  1462   0.05851
  1463   0.05827
  1464   0.05803
  1465   0.05778
  1466   0.05754
  1467   0.05730
  1468   0.05706
  1469   0.05682
  1470   0.05658
  1471   0.05634
  1472   0.05610
  1473   0.05586
  1474   0.05563
  1475   0.05539
  1476   0.05516
  1477   0.05492
  1478   0.05469
  1479   0.05446
  1480   0.05423
  1481   0.05399
  1482   0.05376
  1483   0.05353
  1484   0.05331
  1485   0.05308
  1486   0.05285
  1487   0.05262
  1488   0.05240
  1489   0.05217
  1490   0.05195
  1491   0.05173
  1492   0.05150
  1493   0.05128
  1494   0.05106
  1495   0.05084
  1496   0.05062
  1497   0.05040
  1498   0.05018
  1499   0.04996
  1500   0.04975
  1501   0.04953
  1502   0.04932
  1503   0.04910
  1504   0.04889
  1505   0.04868
  1506   0.04846
  1507   0.04825
  1508   0.04804
  1509   0.04783
  1510   0.04762
  1511   0.04741
  1512   0.04720
  1513   0.04700
  1514   0.04679
  1515   0.04659
  1516   0.04638
  1517   0.04618
  1518   0.04597
  1519   0.04577
  1520   0.04557
  1521   0.04537
  1522   0.04517
  1523   0.04497
  1524   0.04477
  1525   0.04457
  1526   0.04437
  1527   0.04417
  1528   0.04398
  1529   0.04378
  1530   0.04359
  1531   0.04339
  1532   0.04320
  1533   0.04301
  1534   0.04281
  1535   0.04262
  1536   0.04243
  1537   0.04224
  1538   0.04205
  1539   0.04186
  1540   0.04167
  1541   0.04149
  1542   0.04130
  1543   0.04111
  1544   0.04093
  1545   0.04074
  1546   0.04056
  1547   0.04038
  1548   0.04020
  1549   0.04001
  1550   0.03983
  1551   0.03965
  1552   0.03947
  1553   0.03929
  1554   0.03911
  1555   0.03894
  1556   0.03876
  1557   0.03858
  1558   0.03841
  1559   0.03823
  1560   0.03806
  1561   0.03788
  1562   0.03771
  1563   0.03754
  1564   0.03737
  1565   0.03719
  1566   0.03702
  1567   0.03685
  1568   0.03668
  1569   0.03651
  1570   0.03635
  1571   0.03618
  1572   0.03601
  1573   0.03585
  1574   0.03568
  1575   0.03552
  1576   0.03535
  1577   0.03519
  1578   0.03502
  1579   0.03486
  1580   0.03470
  1581   0.03454
  1582   0.03438
  1583   0.03422
  1584   0.03406
  1585   0.03390
  1586   0.03374
  1587   0.03358
  1588   0.03343
  1589   0.03327
  1590   0.03311
  1591   0.03296
  1592   0.03280
  1593   0.03265
  1594   0.03250
  1595   0.03234
  1596   0.03219
  1597   0.03204
  1598   0.03189
  1599   0.03174
  1600   0.03159
  1601   0.03144
  1602   0.03129
  1603   0.03114
  1604   0.03099
  1605   0.03085
  1606   0.03070
  1607   0.03055
  1608   0.03041
  1609   0.03026
  1610   0.03012
  1611   0.02997
  1612   0.02983
  1613   0.02969
  1614   0.02955
  1615   0.02940
  1616   0.02926
  1617   0.02912
  1618   0.02898
  1619   0.02884
  1620   0.02870
  1621   0.02857
  1622   0.02843
  1623   0.02829
  1624   0.02815
  1625   0.02802
  1626   0.02788
  1627   0.02775
  1628   0.02761
  1629   0.02748
  1630   0.02734
  1631   0.02721
  1632   0.02708
  1633   0.02695
  1634   0.02681
  1635   0.02668
  1636   0.02655
  1637   0.02642
  1638   0.02629
  1639   0.02616
  1640   0.02603
  1641   0.02591
  1642   0.02578
  1643   0.02565
  1644   0.02552
  1645   0.02540
  1646   0.02527
  1647   0.02515
  1648   0.02502
  1649   0.02490
  1650   0.02477
  1651   0.02465
  1652   0.02453
  1653   0.02441
  1654   0.02428
  1655   0.02416
  1656   0.02404
  1657   0.02392
  1658   0.02380
  1659   0.02368
  1660   0.02356
  1661   0.02344
  1662   0.02333
  1663   0.02321
  1664   0.02309
  1665   0.02297
  1666   0.02286
  1667   0.02274
  1668   0.02263
  1669   0.02251
  1670   0.02240
  1671   0.02228
  1672   0.02217
  1673   0.02206
  1674   0.02194
  1675   0.02183
  1676   0.02172
  1677   0.02161
  1678   0.02150
  1679   0.02139
  1680   0.02128
  1681   0.02117
  1682   0.02106
  1683   0.02095
  1684   0.02084
  1685   0.02073
  1686   0.02063
  1687   0.02052
  1688   0.02041
  1689   0.02031
  1690   0.02020
  1691   0.02009
  1692   0.01999
  1693   0.01988
  1694   0.01978
  1695   0.01968
  1696   0.01957
  1697   0.01947
  1698   0.01937
  1699   0.01927
  1700   0.01916
  1701   0.01906
  1702   0.01896
  1703   0.01886
  1704   0.01876
  1705   0.01866
  1706   0.01856
  1707   0.01846
  1708   0.01837
  1709   0.01827
  1710   0.01817
  1711   0.01807
  1712   0.01798
  1713   0.01788
  1714   0.01778
  1715   0.01769
  1716   0.01759
  1717   0.01750
  1718   0.01740
  1719   0.01731
  1720   0.01722
  1721   0.01712
  1722   0.01703
  1723   0.01694
  1724   0.01685
  1725   0.01675
  1726   0.01666
  1727   0.01657
  1728   0.01648
  1729   0.01639
  1730   0.01630
  1731   0.01621
  1732   0.01612
  1733   0.01603
  1734   0.01595
  1735   0.01586
  1736   0.01577
  1737   0.01568
  1738   0.01560
  1739   0.01551
  1740   0.01543
  1741   0.01534
  1742   0.01525
  1743   0.01517
  1744   0.01509
  1745   0.01500
  1746   0.01492
  1747   0.01483
  1748   0.01475
  1749   0.01467
  1750   0.01459
  1751   0.01451
  1752   0.01442
  1753   0.01434
  1754   0.01426
  1755   0.01418
  1756   0.01410
  1757   0.01402
  1758   0.01394
  1759   0.01386
  1760   0.01379
  1761   0.01371
  1762   0.01363
  1763   0.01355
  1764   0.01348
  1765   0.01340
  1766   0.01332
  1767   0.01325
  1768   0.01317
  1769   0.01310
  1770   0.01302
  1771   0.01295
  1772   0.01287
  1773   0.01280
  1774   0.01273
  1775   0.01266
  1776   0.01258
  1777   0.01251
  1778   0.01244
  1779   0.01237
  1780   0.01230
  1781   0.01223
  1782   0.01216
  1783   0.01209
  1784   0.01202
  1785   0.01195
  1786   0.01188
  1787   0.01181
  1788   0.01174
  1789   0.01167
  1790   0.01161
  1791   0.01154
  1792   0.01147
  1793   0.01141
  1794   0.01134
  1795   0.01127
  1796   0.01121
  1797   0.01114
  1798   0.01108
  1799   0.01102
  1800   0.01095
  1801   0.01089
  1802   0.01083
  1803   0.01076
  1804   0.01070
  1805   0.01064
  1806   0.01058
  1807   0.01052
  1808   0.01045
  1809   0.01039
  1810   0.01033
  1811   0.01027
  1812   0.01021
  1813   0.01015
  1814   0.01010
  1815   0.01004
  1816   0.00998
  1817   0.00992
  1818   0.00986
  1819   0.00981
  1820   0.00975
  1821   0.00969
  1822   0.00964
  1823   0.00958
  1824   0.00953
  1825   0.00947
  1826   0.00942
  1827   0.00936
  1828   0.00931
  1829   0.00926
  1830   0.00920
  1831   0.00915
  1832   0.00910
  1833   0.00904
  1834   0.00899
  1835   0.00894
  1836   0.00889
  1837   0.00884
  1838   0.00879
  1839   0.00874
  1840   0.00869
  1841   0.00864
  1842   0.00859
  1843   0.00854
  1844   0.00849
  1845   0.00844
  1846   0.00839
  1847   0.00835
  1848   0.00830
  1849   0.00825
  1850   0.00821
  1851   0.00816
  1852   0.00811
  1853   0.00807
  1854   0.00802
  1855   0.00798
  1856   0.00793
  1857   0.00789
  1858   0.00784
  1859   0.00780
  1860   0.00775
  1861   0.00771
  1862   0.00767
  1863   0.00763
  1864   0.00758
  1865   0.00754
  1866   0.00750
  1867   0.00746
  1868   0.00742
  1869   0.00738
  1870   0.00734
  1871   0.00730
  1872   0.00725
  1873   0.00722
  1874   0.00718
  1875   0.00714
  1876   0.00710
  1877   0.00706
  1878   0.00702
  1879   0.00698
  1880   0.00694
  1881   0.00691
  1882   0.00687
  1883   0.00683
  1884   0.00680
  1885   0.00676
  1886   0.00672
  1887   0.00669
  1888   0.00665
  1889   0.00662
  1890   0.00658
  1891   0.00655
  1892   0.00651
  1893   0.00648
  1894   0.00644
  1895   0.00641
  1896   0.00638
  1897   0.00634
  1898   0.00631
  1899   0.00628
  1900   0.00624
  1901   0.00621
  1902   0.00618
  1903   0.00615
  1904   0.00612
  1905   0.00608
  1906   0.00605
  1907   0.00602
  1908   0.00599
  1909   0.00596
  1910   0.00593
  1911   0.00590
  1912   0.00587
  1913   0.00584
  1914   0.00581
  1915   0.00578
  1916   0.00575
  1917   0.00572
  1918   0.00569
  1919   0.00566
  1920   0.00564
  1921   0.00561
  1922   0.00558
  1923   0.00555
  1924   0.00552
  1925   0.00550
  1926   0.00547
  1927   0.00544
  1928   0.00542
  1929   0.00539
  1930   0.00536
  1931   0.00534
  1932   0.00531
  1933   0.00528
  1934   0.00526
  1935   0.00523
  1936   0.00521
  1937   0.00518
  1938   0.00516
  1939   0.00513
  1940   0.00511
  1941   0.00508
  1942   0.00506
  1943   0.00503
  1944   0.00501
  1945   0.00498
  1946   0.00496
  1947   0.00493
  1948   0.00491
  1949   0.00489
  1950   0.00486
  1951   0.00484
  1952   0.00482
  1953   0.00479
  1954   0.00477
  1955   0.00475
  1956   0.00472
  1957   0.00470
  1958   0.00468
  1959   0.00466
  1960   0.00463
  1961   0.00461
  1962   0.00459
  1963   0.00457
  1964   0.00454
  1965   0.00452
  1966   0.00450
  1967   0.00448
  1968   0.00446
  1969   0.00444
  1970   0.00441
  1971   0.00439
  1972   0.00437
  1973   0.00435
  1974   0.00433
  1975   0.00431
  1976   0.00429
  1977   0.00427
  1978   0.00425
  1979   0.00423
  1980   0.00420
  1981   0.00418
  1982   0.00416
  1983   0.00414
  1984   0.00412
  1985   0.00410
  1986   0.00408
  1987   0.00406
  1988   0.00404
  1989   0.00402
  1990   0.00400
  1991   0.00398
  1992   0.00396
  1993   0.00394
  1994   0.00392
  1995   0.00390
  1996   0.00388
  1997   0.00386
  1998   0.00384
  1999   0.00382
  2000   0.00380
